0.0 0.0 0.0 0.0 0.0 1.0 0.0 0.0 0.0 0.0 0.0 0.0 0.0 0.0 0.0 0.0 
0.0 0.0 0.0 0.0 -0.3333333333333331 -0.5 1.0 -0.16666666666666674 0.0 0.0 0.0 0.0 0.0 0.0 0.0 0.0 
0.0 0.0 0.0 0.0 0.4999999999999999 -1.0 0.5 0.0 0.0 0.0 0.0 0.0 0.0 0.0 0.0 0.0 
0.0 0.0 0.0 0.0 -0.16666666666666669 0.5 -0.5 0.16666666666666666 0.0 0.0 0.0 0.0 0.0 0.0 0.0 0.0 
0.0 -0.33333333333333315 0.0 0.0 0.0 -0.5 0.0 0.0 0.0 1.0 0.0 0.0 0.0 -0.16666666666666677 0.0 0.0 
0.11111111111111105 0.16666666666666674 -0.33333333333333337 0.055555555555555525 0.1666666666666668 0.25 -0.5 0.08333333333333331 -0.3333333333333334 -0.5 1.0 -0.16666666666666669 0.05555555555555555 0.08333333333333329 -0.16666666666666666 0.027777777777777762 
-0.16666666666666669 0.33333333333333326 -0.16666666666666666 0.0 -0.25000000000000006 0.5 -0.25 0.0 0.5000000000000001 -1.0 0.5 0.0 -0.08333333333333331 0.1666666666666667 -0.08333333333333334 0.0 
0.05555555555555556 -0.16666666666666666 0.16666666666666666 -0.05555555555555555 0.08333333333333331 -0.25 0.25 -0.08333333333333334 -0.16666666666666666 0.5 -0.5 0.16666666666666669 0.02777777777777777 -0.08333333333333334 0.08333333333333334 -0.027777777777777776 
0.0 0.5 0.0 0.0 0.0 -1.0 0.0 0.0 0.0 0.5 0.0 0.0 0.0 0.0 0.0 0.0 
-0.16666666666666669 -0.25 0.5 -0.08333333333333331 0.3333333333333333 0.5 -1.0 0.16666666666666669 -0.16666666666666663 -0.25 0.5 -0.08333333333333331 0.0 0.0 0.0 0.0 
0.25 -0.5 0.24999999999999994 0.0 -0.5 1.0 -0.5 0.0 0.24999999999999994 -0.5 0.25 0.0 0.0 0.0 0.0 0.0 
-0.08333333333333334 0.25 -0.25 0.08333333333333334 0.16666666666666669 -0.5 0.5 -0.16666666666666666 -0.08333333333333334 0.25 -0.25 0.08333333333333333 0.0 0.0 0.0 0.0 
0.0 -0.16666666666666669 0.0 0.0 0.0 0.5 0.0 0.0 0.0 -0.5 0.0 0.0 0.0 0.16666666666666666 0.0 0.0 
0.05555555555555556 0.08333333333333331 -0.16666666666666666 0.027777777777777783 -0.16666666666666666 -0.25 0.5 -0.08333333333333334 0.16666666666666666 0.25 -0.5 0.08333333333333334 -0.05555555555555555 -0.08333333333333334 0.16666666666666669 -0.027777777777777776 
-0.08333333333333334 0.16666666666666669 -0.08333333333333334 0.0 0.25 -0.5 0.25 0.0 -0.25 0.5 -0.25 0.0 0.08333333333333333 -0.16666666666666666 0.08333333333333333 0.0 
0.027777777777777783 -0.08333333333333334 0.08333333333333334 -0.02777777777777778 -0.08333333333333334 0.25 -0.25 0.08333333333333333 0.08333333333333334 -0.25 0.25 -0.08333333333333333 -0.027777777777777776 0.08333333333333333 -0.08333333333333333 0.027777777777777776 
